function [max_corr_qrs, max_corr_not_qrs] = corr_qrs_window(window)

% examples to compute correlation with the window - those are filtered QRS
% windows extracted from the sognal we have
windows_to_compare_qrs = [-90.4531804729418	-112.108642602696	-105.201930050467	-137.031635687724	-141.261870633694	-134.710045351559	-114.195973939062	-116.269368510954	-132.053453811189	-107.111720154478	-122.912095141641	-103.088175439126	-105.768641555733	-85.3921544758520	-114.259122674817	-105.027485707226	-101.486324679204	-119.774662983399	-137.384731293800	-140.536501877398	-143.512033009886	-144.478320064053	-150.478524181600	-125.843977615218	-158.407651704815	-123.721007566610	-156.806416066398	-125.290466678124	-121.019491285262	-126.270276470953	-127.216894082081	-127.264121215660	-119.379538461906	-125.454381191943	-99.4647848639842	-66.2073647903360	-47.6293975263169	-29.3994125278245	8.28164864596407	24.9190837243546	87.1830467272760	89.4250741593903	118.048918675478	190.832956120464	197.163778420268	228.256943767671	283.667439968151	345.723619232982	413.131964348698	492.301775579422	547.120234436574	596.984131305501	646.664352547411	694.114863258442	789.464577840548	850.113136144521	947.952101250537	1023.11151288145	1097.80780799770	1174.57240278100	1228.04804892883	1232.73827866148	1215.77925584569	1156.27356292112	1083.29143963682	997.594073096627	889.183347267563	799.727155195383	694.162335754783	638.399578072394	563.149205803566	503.513630164337	437.101270329655	369.545998525705	288.008610285197	213.262164938833	122.223386721522	24.7242677590702	-6.04217438070288	-81.7666396073820	-130.742213497778	-172.346055275888	-179.044939960832	-187.512809245978	-186.725414377814	-158.599056587027	-145.442515408919	-143.934333247717	-140.284194308691	-138.189243680030	-144.205490410419	-121.124814709204	-120.041395733808	-128.615965528806	-116.942141637246	-132.568338702179	-128.205007153860	-98.8622589969384	-110.024148452613	-115.522325031674	-115.339913409476	-135.124787960542	-129.724903995109	-131.554108104887	-130.961689509256	-125.702489865689	-123.282961148722	-127.672324325348	-135.021033564596	-147.630821890662	-127.726043986501	-153.629246954720	-136.411448532014	-137.038413540919	-139.016094303456	-131.434273108639	-130.582068499391	-129.558372048919	-120.569153212154	-131.239283718789	-147.840711156603;
                      -160.889938012252	-196.381344617012	-170.883015470252	-164.049301707784	-159.381696195553	-159.192456410924	-162.632315385024	-172.672331617201	-172.793629216334	-164.003903622777	-142.231943345422	-142.849191523420	-123.707298803463	-71.9526429563724	-34.8679140708880	14.7867323464842	54.1574788441797	92.0447024507649	169.381287858748	216.755697060940	245.977661931930	285.643775619094	336.131500952388	427.727862271152	529.728438593431	616.645080842679	673.718053562793	793.064304273120	873.437949102335	909.237070748698	1022.84708855275	1104.14999025071	1161.86829823544	1307.13148873978	1430.94845215413	1556.86351662994	1673.53932833749	1744.64250566953	1788.37927040083	1747.94416381687	1665.50462696546	1538.99108892491	1421.67653973099	1328.59782850919	1115.49346975213	1023.48396979769	901.940235028457	829.696499720149	706.953328346255	606.533468346713	553.692976120429	472.847870238308	371.719835417591	244.616167691289	92.1446743644076	-1.07326772812495	-45.7250918125605	-92.5422462280696	-158.937830608226	-174.214064612999	-198.303661642756	-177.506757635412	-170.031661393995	-161.396635675612	-144.281499869299	-138.182952090778	-135.394414619200	-116.420726923149	-83.4813251566450	-117.512858704962	-118.784035573192	-109.886783135164	-120.958771746296	-54.0888315907127	-93.2141604327331	-97.4725855475260	-155.952010582848	-126.173318108060	-115.843517721352	-159.349263696577	-170.323493083261	-132.011827148226	-115.867664920634	-149.086075021446	-50.3984996323173	-77.9423158109364	-72.9258543728181	-81.6652821239421	-150.696065597975	-126.420163095821	-143.158459935668	-134.716502020056	-140.126405646108	-110.222041933948	-85.5899242559356	-84.1414726011330	-93.9424763530760	-127.699300182082	-142.296007026649	-118.910913854707	-156.828853710471	-164.466822799495	-101.474585041528	-120.790995794725	-114.096919144503	-110.993665977145	-107.193598200424	-116.849950163103	-143.523418209641	-121.874236453132	-101.220909789842	-111.180567207720	-110.998824719068	-83.4820759757704	-95.1810564625697	-93.0427253533162	-73.8712267774556	-95.1531665968088	-115.354948858633	-117.120060446644	-106.499841322692;
                      -95.7009963456735	-102.318228420202	-85.4201089187495	-106.906800959704	-105.903330179606	-101.671951067575	-111.984317932749	-105.541156273510	-78.4723392165115	-88.0097872705495	-63.2213665895936	-57.1828940309337	-70.7769905054032	-25.5615487992116	-60.9564969340923	-60.7238472012553	-95.6996871235223	-78.2487432662560	-76.8215684118148	-89.2696801498474	-79.7561057987359	-99.6011763154656	-80.6530093499180	-25.1808443851613	11.8241286003985	56.0550013569687	74.1611234198184	74.2687733681768	107.705742138772	153.144480562941	182.475769851239	164.797160843229	162.029865315072	164.135339709367	141.356311390997	142.707983361138	129.982577333435	93.8938677295781	96.0539886159362	96.9222033404472	77.8051293431563	104.752325165554	134.266917964198	177.530911191641	215.252211577701	295.982892959911	359.305093244271	419.711655797475	385.305137896533	364.097116366176	365.414827530683	438.114654400224	523.622064386732	617.241944286820	718.301848315635	861.159986817164	989.276155893177	1095.40421788714	1175.07719793482	1253.49252676970	1286.87148485103	1317.88272393789	1243.35463012109	1173.71614113572	1096.45379882570	1011.48206763536	920.540974919151	805.426187595364	693.245657466423	605.968640277959	541.541593232876	461.237039157315	390.864670715118	299.540036108719	209.082328214389	87.0722166892479	37.1278856060556	-43.7134538332603	-85.0729330776349	-125.890751113870	-101.784645067711	-97.5071616552087	-105.011427794145	-54.1510768949342	-30.7636394480789	-18.4243714899121	-19.5957346053421	-17.6526631451636	2.45864213354567	20.7937966217889	38.7545953786040	10.9983298535393	17.6820958752938	20.1832930472423	17.3217905948288	34.2908698717510	10.1781900850187	7.49228878090525	-16.6406541807615	-45.9166845864322	-49.7949396827249	-73.9072282834592	-80.6390823047144	-87.1060868645302	-81.8542843305146	-109.630474803285	-95.0799471465436	-65.0651313107735	-90.5480127947415	-72.6848960983089	-59.1436462052934	-62.5611775442361	-47.8133495667053	-17.2873405467450	19.5192028979564	29.7362754348130	45.9887190119220	42.2446715402107	20.3808902374216	22.2458391061403	0.0132334322311864;
